0 184 231 0 180 0 35 0 0 0 116 101 120 102 0 131
184 0 93 0 0 0 0 0 0 0 0 0 74 0 0 0
231 93 0 60 130 0 0 0 0 0 0 0 0 0 0 0
0 0 60 0 100 0 0 0 0 0 0 0 0 0 0 0
180 0 130 100 0 88 0 0 0 0 0 0 0 0 0 0
0 0 0 0 88 0 97 0 0 0 0 0 0 0 0 0
35 0 0 0 0 97 0 81 0 0 0 0 0 0 0 149
0 0 0 0 0 0 81 0 128 0 0 0 0 0 0 69
0 0 0 0 0 0 0 128 0 117 0 0 0 0 0 142
0 0 0 0 0 0 0 0 117 0 143 0 0 0 45 0
116 0 0 0 0 0 0 0 0 143 0 74 0 74 0 0
101 0 0 0 0 0 0 0 0 0 74 0 75 0 0 0
120 74 0 0 0 0 0 0 0 0 0 75 0 0 0 0
102 0 0 0 0 0 0 0 0 0 74 0 0 0 51 63
0 0 0 0 0 0 0 0 0 45 0 0 0 51 0 58
131 0 0 0 0 0 149 69 142 0 0 0 0 63 58 0